precinct_id,nvoter,nazivote,share_unemp,share_ind_worker,share_ag_worker,share_employer
0,20724,8915,0.0817086222843899,0.5047387000105752,0.25649879013064947,0.1570538875743855
1,61024,20388,0.0923188519017714,0.41526569675147607,0.2974396099857756,0.1949758413609769
2,31741,9670,0.07308312871928657,0.30673936859515405,0.3963277107098402,0.22384979197571914
3,67591,26634,0.09770127273313425,0.5053143234823682,0.2320967335717212,0.1648876702127765
4,226176,100041,0.33396339114914714,0.39614077129043673,0.10663724973000065,0.1632585878304155
5,30835,15255,0.07323747595273018,0.32256440700657935,0.37657754015233674,0.22762057688835385
6,32939,15791,0.07456048577085814,0.4135905523130874,0.31533214271012033,0.19651681920593408
7,57187,25943,0.08976860177753632,0.4797070681794258,0.25775974947320984,0.17276458056982819
8,23404,13104,0.054873658639919616,0.46707021219556977,0.2958354011593085,0.1822207280052021
9,30513,14507,0.11383776665461474,0.5294841046911144,0.2087197563593088,0.14795837229496211
10,27742,12908,0.09834707511303722,0.4617631347797031,0.26754820425596587,0.17234158585129375
11,24094,11914,0.09855687475750227,0.3992057296742474,0.30764062881398646,0.19459676675426382
12,26651,14212,0.07780646258619689,0.3024690896379133,0.38305098906321045,0.23667345871267936
13,77067,37265,0.06447771434493611,0.44797980410851096,0.2992956210567882,0.1882468604897648
14,27618,12047,0.30424008890197207,0.37726838310223254,0.12879522515678624,0.18969630283900915
15,23822,14905,0.05205521279404989,0.31242941407569136,0.40313311588934314,0.23238225724091566
16,60257,33669,0.05738690930608249,0.32572487612056666,0.37929317754332303,0.23759503703002777
17,75824,37760,0.14774690591006356,0.3550268340237514,0.28398199735771207,0.21324426270847305
18,32778,12242,0.08343134372243459,0.23440404470107876,0.45530736683620376,0.2268572447402829
19,26276,9897,0.2487395111852557,0.42781518228486426,0.13546217160271692,0.187983134927163
20,30880,20064,0.06978569082849767,0.29056441505071884,0.4277808418065514,0.21186905231423214
21,27263,16699,0.062196125684899954,0.38624389910856116,0.3413695156198463,0.21019045958669272
22,34392,24055,0.07340508231516943,0.3094757111315139,0.3899857902243193,0.22713341632899753
23,22402,15859,0.0635451889470542,0.3119139658961746,0.4130160013819748,0.21152484377479644
24,41443,26633,0.08260802761260111,0.22632802590753628,0.4464302030970548,0.24463374338280777
25,45140,23667,0.083169034443091,0.38484526687386217,0.3421360831952852,0.18984961548776164
26,30589,9951,0.09868749085021916,0.3223117943904308,0.36518529920859777,0.21381541555075223
27,31380,18794,0.08181703251848763,0.3415976336356477,0.3696264495226651,0.2069588843231995
28,15984,7348,0.07485771004908946,0.38705958783382144,0.3348976368637181,0.20318506525337104
29,51441,20623,0.39326242724924343,0.3925507474861127,0.08504999361946541,0.12913683164517853
30,26777,12866,0.1620178553719415,0.47425811431748083,0.2004450847258318,0.1632789455847459
31,26883,13982,0.12936291891575186,0.3753344978697715,0.2911234636476797,0.20417911956679705
32,35805,20009,0.09787474187505421,0.3874258804931868,0.3198370400959584,0.1948623375358006
33,22064,7215,0.11162010408033984,0.457747838107585,0.2629232624242838,0.16770879538779138
34,217223,64730,0.44189807300238254,0.322686496521919,0.07213305755633034,0.16328237291936817
35,436417,116065,0.4352560216799398,0.39802943815017766,0.04934107794748232,0.11737346222240023
36,482382,144590,0.38488549300915625,0.34337188962127674,0.0888067024939347,0.1829359148756322
37,310835,85388,0.4209124492745456,0.3903727566063866,0.05686685775938422,0.13184793635968375
38,224209,64143,0.359361176268318,0.36837013416190334,0.10078273535533039,0.17148595421444818
39,282617,93032,0.3358735083601777,0.3080119393638862,0.13951740976813393,0.2165971425078021
40,68885,23690,0.36473438839822714,0.3941123685956682,0.08837637481792526,0.15277686818817945
41,110164,40750,0.3551492644372403,0.4749849598321516,0.059791931588335186,0.11007384414227288
42,152720,63413,0.2801305261021221,0.32063756413801375,0.16618446793647806,0.23304744182338616
43,341716,97601,0.402466723898131,0.4072207135880815,0.05883569452572976,0.131476867988058
44,165226,53505,0.24599427934237644,0.21844921085892685,0.22820184583031758,0.3073546639683791
45,50393,17578,0.1574811215094008,0.27769263589846555,0.30942606878766676,0.25540017380446683
46,107355,36939,0.3927000307314864,0.3909751297527871,0.07272533498604244,0.14359950452968415
47,394885,100652,0.4635466151622329,0.3842720501907244,0.04623865971815813,0.10594267492888458
48,98065,30263,0.3922551290017057,0.42901322659069835,0.05756697520318437,0.12116466920441155
49,44262,22484,0.11885989229203756,0.4507253619703229,0.2542413686522969,0.17617337708534253
50,22520,10011,0.32735066313950595,0.411074882932247,0.10075463481546486,0.1608198191127822
51,55783,23946,0.16696295644500875,0.3875963148070362,0.25575222065428754,0.18968850809366758
52,133250,50241,0.2672040095022886,0.42118627962222605,0.13930633292774783,0.1723033779477374
53,59534,25536,0.17370355633784684,0.4693097956307574,0.19050911055616299,0.16647753747523278
54,147400,59041,0.20186652649878167,0.48603383109524056,0.16000604209000086,0.15209360031597688
55,48447,28505,0.056419816061240864,0.4211757061389397,0.3081388958432188,0.21426558195660075
56,159932,60740,0.21770865515467583,0.4280716298226974,0.177144720152507,0.1770749948701196
57,39840,20033,0.10815484144669474,0.5548290159554732,0.1905674355993148,0.14644870699851725
58,20869,6936,0.23572081629725364,0.5085400250095433,0.0948577174231217,0.16088144127008128
59,55076,28506,0.09789430853298206,0.4143092650781669,0.2818515380491335,0.2059448883397176
60,37861,16864,0.10327597000751881,0.4746398191675039,0.23970171258284848,0.1823824982421289
61,42797,23359,0.06771498847214216,0.3816751765637261,0.32191911922999467,0.22869071573413705
62,18503,7843,0.3206344844060628,0.359901227453662,0.11168899978715985,0.2077752883531154
63,69094,34521,0.0824634007447604,0.3327872711735068,0.35473181027941175,0.23001751780232102
64,29627,15920,0.10325771963192126,0.4526371565769806,0.2662885171059433,0.1778166066851548
65,72754,29872,0.1613229459253522,0.4659560641524547,0.21657272493655122,0.15614826498564188
66,39172,21291,0.0972504763192636,0.32487904568823855,0.35453791111969357,0.22333256687280417
67,39907,17113,0.25442551667223456,0.42091755068860137,0.10956317528274134,0.21509375735642272
68,40141,22540,0.12672858350427765,0.2753698050427226,0.36346745058767155,0.2344341608653282
69,28475,10764,0.16678489105110342,0.589364601568764,0.09773652146441608,0.1461139859157165
70,55582,28205,0.29947570336374085,0.4190178550917498,0.11193814833030771,0.16956829321420158
71,36828,21003,0.1340119099708631,0.3219343233374534,0.31883646880428823,0.2252172978873952
72,31362,17586,0.09758874046966051,0.3266376697175817,0.35115679183849013,0.2246167979742676
73,32126,12894,0.21862414856767362,0.5346999183674442,0.09981866720094548,0.14685726586393658
74,66636,32142,0.1360220644926338,0.4275311338186162,0.2443635564474696,0.19208324524128048
75,37705,21246,0.09048585112005463,0.31473330439267594,0.3522341515700272,0.2425466929172423
76,31747,15055,0.2909078922936973,0.41623302558469377,0.11257803589065846,0.18028104623095034
77,111611,49508,0.12917522277326324,0.4432257981221201,0.2461470622994908,0.1814519168051258
78,22447,13750,0.06169282826458194,0.23796667459403636,0.4275651841755096,0.2727753129658722
79,52158,25006,0.13458369304197396,0.34702466042040003,0.3059506791592,0.2124409673784261
80,28281,16042,0.07988913659783992,0.3683749619895697,0.3219391333367779,0.22979676807581248
81,33158,18636,0.10156180607116233,0.4223749999732461,0.28448345422164506,0.19157973973394657
82,61282,29474,0.132520158303621,0.4357653122003948,0.24536248021314633,0.18635204928283783
83,29487,11202,0.21043538136193998,0.4943351749588746,0.16105266119394404,0.13417678248524148
84,30709,15869,0.10982819704048107,0.398533767995819,0.3066208516946804,0.1850171832690195
85,41378,22936,0.09090908086743703,0.3772098680256559,0.31530158566049415,0.2165794654464129
86,43288,18794,0.1066370520332228,0.39105687760444524,0.3161819680281303,0.18612410233420154
87,25511,13496,0.0781634582188979,0.2930628055712037,0.40865022839211623,0.22012350781778206
88,12841,6324,0.11762099616517549,0.33517575156548424,0.32367894352933735,0.22352430874000298
89,21749,9562,0.10915998495261153,0.3844610003806953,0.30074546819209413,0.20563354647459894
90,27664,15320,0.13388513266080795,0.24190382490694154,0.38572164659626657,0.23848939583598394
91,35741,16175,0.10798633404019949,0.3260742279318335,0.35815280666341803,0.20778663136454897
92,28019,14422,0.3618403744336148,0.3535050813298897,0.12578139011340617,0.15887315412308942
93,13668,4939,0.10671259026346261,0.41265054468038015,0.28539155558351664,0.1952453094726406
94,56799,31492,0.06532966899598415,0.39620509141514804,0.33510271561919297,0.2033625239696748
95,32236,16247,0.08412898964729167,0.505293497802999,0.23097645914950374,0.17960105340020563
96,47762,21169,0.11874563754577218,0.5162816267410585,0.20074104297938505,0.16423169273378438
97,21012,8349,0.25033486109022723,0.37988553788796064,0.15024960863131695,0.21952999239049528
98,25048,11337,0.07343041096507069,0.4960596956695558,0.2514482866541121,0.17906160671126117
99,68263,37089,0.05985501052672333,0.3936899861366766,0.33217348278295206,0.214281520553648
100,31458,17701,0.049874868426882345,0.5318523086108503,0.256267332486505,0.16200549047576238
101,53762,28578,0.09701861155303458,0.5512703270508165,0.19494782558783824,0.1567632358083106
102,313870,130626,0.2603500340450435,0.41671246821137164,0.15453230795098827,0.16840518979259667
103,29304,13408,0.2991000965816366,0.36928082886803,0.12682450873418696,0.20479456581614644
104,38992,17416,0.2120275313144781,0.3112543221234772,0.26361685085714726,0.21310129570489755
105,46432,22678,0.12299573801059953,0.3404138700049049,0.27425659666956154,0.26233379531493395
106,48870,27268,0.08540944450164972,0.4282989177643477,0.2967577154504387,0.18953392228356386
107,16995,8711,0.11256656486566678,0.278018772648899,0.40335651903192676,0.20605814345350748
108,26388,15538,0.09613238665000448,0.3992253899156995,0.3083452790684829,0.19629694436581305
109,47676,24077,0.14284766980628683,0.34324415645565803,0.3054179025695075,0.2084902711685477
110,29270,16526,0.06867473751479763,0.3481481286355301,0.37153058283858603,0.21164655101108631
111,20445,8790,0.33283379679872865,0.3639867824946696,0.12900118300338315,0.17417823770321864
112,119758,58618,0.12196848775242733,0.3626923192916727,0.33341891182221756,0.1819202811336824
113,52476,30323,0.0788995567959803,0.3542044680553143,0.36192569463779595,0.20497028051090943
114,73992,39021,0.07521266971110319,0.3261175710162512,0.3766873232968996,0.22198243597574593
115,27908,12133,0.1040949535257483,0.4881362349393675,0.2345005875289158,0.17326822400596845
116,33112,15641,0.07846982527068806,0.497145794615497,0.2180710403609092,0.20631333975290572
117,96153,44324,0.14953477312430397,0.4806709277538299,0.21510427833454193,0.15469002078732413
118,479621,201309,0.42356153894298165,0.3228761391141941,0.10128351743431639,0.15227880450850784
119,56725,30861,0.1566023875484728,0.3550033591830161,0.2931140299774616,0.19528022329104944
120,19224,8800,0.380829754206163,0.35330234483323025,0.10882264683864315,0.15704525412196366
121,47659,19314,0.15609229722353576,0.3564899898150549,0.2783251236972301,0.20909258926417917
122,79738,26594,0.21411609396893666,0.35492189885747455,0.24421801743313798,0.1867439897404508
123,17446,8144,0.12301139810635578,0.3021884028755503,0.34573151941100494,0.22906867960708893
124,25102,15647,0.0771175167335199,0.3738415071308321,0.3233880267736318,0.22565294936201627
125,34996,15912,0.11022203094781714,0.2870418626215707,0.35105831746733607,0.25167778896327603
126,30094,17374,0.07191589154221316,0.3102338724607039,0.3766144905028205,0.2412357454942625
127,19200,8974,0.09122071273572928,0.4071658916638036,0.3020301586393255,0.19958323696114164
128,35203,17052,0.12811955134115868,0.4399821579171523,0.25494126394432687,0.1769570267973621
129,43780,25400,0.11004568055770965,0.42636805515585735,0.2787257641948258,0.18486050009160715
130,56405,24643,0.22289472671289887,0.4783989930936494,0.15502766789800734,0.14367861229544432
131,59576,23551,0.25534920886009993,0.4255652307841499,0.17834078593357447,0.14074477442217573
132,22353,9261,0.3325612262618157,0.3872605536192919,0.1230289231689636,0.1571492969499287
133,36102,20129,0.08512294929041407,0.3816624368570451,0.3212047305368821,0.21200988331565881
134,88503,35930,0.2565720070744105,0.4957423230617764,0.12983236141862425,0.11785330844518892
135,32073,12758,0.2894720067317922,0.5079301956743926,0.09111680964755038,0.11148098794626478
136,40237,22260,0.10447262758133287,0.35864382870720957,0.3090884290372675,0.22779511467419003
137,45603,21035,0.16811124617475934,0.3619482086191259,0.2738826308099713,0.1960579143961435
138,77450,37096,0.13762905394875313,0.37344362601321357,0.2793483913784257,0.2095789286596075
139,102981,52411,0.13225844174733536,0.39164792414491395,0.27873658072695395,0.19735705338079676
140,19485,8080,0.2816654876512764,0.3836015816456754,0.1390249532806475,0.19570797742240065
141,109400,49179,0.2500978482000652,0.38594425395333615,0.18005419266540648,0.18390370518119217
142,56216,26407,0.22155382166239615,0.347764720667535,0.23962833323590313,0.19105312443416575
143,21879,9856,0.2977038972805266,0.3365901152490676,0.16267705384383002,0.20302893362657565
144,35780,15419,0.13872735516707604,0.37572657702704176,0.30109971135540003,0.18444635645048216
145,49711,26103,0.15708975748015255,0.41110446288424013,0.23694563368666346,0.19486014594894385
146,145994,76232,0.13939527722711395,0.4091257321014823,0.2609623534817806,0.19051663718962314
147,54838,25594,0.3541674486883847,0.3707524807419755,0.11412376875964422,0.16095630180999562
148,41723,22026,0.08635787719557592,0.3154061630672884,0.34856631412022415,0.24966964561691146
149,24338,14784,0.15236126267327268,0.3481982798028017,0.2906781242728989,0.20876233325102672
150,58335,23577,0.16672866167765418,0.4005250400732867,0.2625098723450636,0.17023642590399538
151,206225,79701,0.3375395910073721,0.48725736288138144,0.08083089643330497,0.09437214967794152
152,51601,18761,0.19842639620947133,0.29854196137268935,0.3227953181270551,0.18023632429078415
153,24289,8750,0.10060487770196411,0.29921471275186134,0.3694683187209924,0.23071209082518218
154,24720,11067,0.09589986926361126,0.35479758803477923,0.3291253742026249,0.22017716849898455
155,32520,16125,0.12795620675310346,0.3871338275248451,0.2993735332076737,0.1855364325143778
156,51680,19941,0.14305584925317708,0.2956437264468834,0.33232867256698023,0.2289717517329592
157,43002,13891,0.10671547473768575,0.36047002650121285,0.3195054343908368,0.21330906437026453
158,23103,6170,0.3073515459413296,0.3486333474256934,0.15711591131145197,0.18689919532152496
159,60760,20444,0.1559412105004474,0.28785616567231515,0.33173616728293903,0.22446645654429848
160,86540,27750,0.21694720576561952,0.25702895556627053,0.35029350178026364,0.1757303368878463
161,79426,27332,0.23713475915293789,0.3179398288130681,0.28052368415225043,0.16440172788174362
162,70435,26253,0.28268738939776444,0.31024662689990484,0.25193100307841815,0.15513498062391243
163,33066,9976,0.13798941116015678,0.24787285209126264,0.3921931691891271,0.22194456755945347
164,123324,46238,0.26385919916382367,0.3758156464229783,0.22138647199437905,0.13893868241881877
165,17792,6293,0.2411636293277188,0.5108221431696,0.09571082494948027,0.15230340255320116
166,76057,28276,0.23876576588724974,0.44632900923253954,0.1629257800911567,0.151979444789054
167,42418,23071,0.05973616324135317,0.34774435531224007,0.37460176056388444,0.21791772088252226
168,53082,26705,0.15520640556459564,0.39382175926906704,0.2518857243779535,0.1990861107883839
169,35273,15133,0.33827636937524047,0.3666934878283133,0.1120555237575834,0.1829746190388628
170,74853,33633,0.10810861431192349,0.45210739263503363,0.2622260272514824,0.1775579658015605
171,47435,21035,0.09202218323457308,0.4137105548804273,0.30208051366510136,0.19218674821989826
172,230808,84509,0.3423190395304589,0.39553941379467505,0.09317218480426605,0.16896936187060002
173,44730,19309,0.1663380959207265,0.48470223407773544,0.19846344792968842,0.1504962220718497
174,85497,34464,0.16999470338694608,0.48204722644485737,0.1923919811696312,0.1555660889985655
175,29822,15725,0.036656506167757015,0.4437002062673711,0.30890938527204037,0.2107339022928314
176,31545,13859,0.15757794637571754,0.4426380931174748,0.23001341421689753,0.16977054628990998
177,18635,9602,0.28750382087107423,0.4294439732126923,0.11543631913991949,0.16761588677631406
178,41802,24291,0.040167783458659616,0.3645103201086293,0.34678384430662934,0.24853805212608174
179,36316,16735,0.08478473123025336,0.4773205375933172,0.2592535698715223,0.17864116130490715
180,22686,10373,0.20983135788404733,0.474304259515107,0.13426767170374454,0.18159671089710128
181,64617,25161,0.2544889227318946,0.46870544543334886,0.1402553690115224,0.13655026282323407
182,119763,52402,0.2606138085581158,0.4181113082966466,0.1722389038075834,0.14903597933765425
183,43462,20409,0.2010531487664652,0.37249086637157236,0.24466356849231413,0.1817924163696483
184,69597,23597,0.205235162716748,0.4957577276879321,0.1674747105131957,0.1315323990821242
185,56452,23550,0.19654589651327461,0.4589689513639012,0.1908320440952167,0.15365310802760754
186,27158,16156,0.10092641515412688,0.29833429289903485,0.3800299165530505,0.22070937539378777
187,16776,7347,0.20601428220745985,0.540490692699955,0.10406224063347937,0.14943278445910568
188,158092,59717,0.35998635055216527,0.3798310051244883,0.09550437903653869,0.1646782652868078
189,53561,26794,0.1187074824786263,0.3861600760568853,0.3053668169203661,0.18976562454412227
190,83326,33841,0.1788573893914248,0.44870331549600595,0.21448326492527126,0.15795603018729806
191,53341,20467,0.18559578320147965,0.565452414456871,0.13929008807115095,0.10966171427049846
192,65474,24533,0.2348172173726724,0.4545359867685353,0.17897140944672044,0.13167538641207194
193,21300,7860,0.2969792339274407,0.4588542343618483,0.10250003301497627,0.14166649869573467
194,21766,8927,0.29170991388448836,0.3083466480692103,0.17336226233730895,0.2265811757089924
195,46096,21485,0.15926595867576585,0.43628124837614296,0.2471742204735027,0.15727857247458837
196,60571,19891,0.260454625631243,0.47865467658798855,0.1270716421355667,0.13381905564520166
197,50657,22478,0.15808174574709732,0.3459576546973565,0.3076292265307988,0.18833137302474734
198,27640,16750,0.051855910827006246,0.29834085004063654,0.40666397160074286,0.24313926753161438
199,40399,20891,0.11475298121563604,0.40300980056165836,0.2806443008109576,0.20159291741174812
200,91600,35809,0.23572147039708782,0.44086886349043625,0.17789320903909228,0.14551645707338365
201,57036,25015,0.10186011020050753,0.4773210369885358,0.23936041197598523,0.1814584408349716
202,25288,9200,0.24540240608866928,0.441841451814045,0.17675993688947753,0.13599620520780822
203,25645,10199,0.38522969114718314,0.3656830176010553,0.09081223032198453,0.15827506092977703
204,97003,34247,0.24033509471871542,0.4864182418933806,0.11138434134016921,0.16186232204773474
205,19269,8689,0.348067169190188,0.3985942856458267,0.09113628988051745,0.16220225528346788
206,130936,59354,0.220257818434182,0.4351165319650049,0.15018705224675816,0.19443859735405497
207,15606,7549,0.3893512382289809,0.34895960201906556,0.09718488303438069,0.16450427671757292
208,65421,23640,0.17360595438632154,0.41341975006973747,0.2036133714204161,0.20936092412352497
209,31753,11206,0.25336983489168935,0.4670183189555525,0.10242883773605842,0.1771830084166998
210,98606,43610,0.13209025390720758,0.49175076673330753,0.16816741206399705,0.20799156729548784
211,61674,23953,0.3417272066224015,0.40827276157973325,0.08281957522376475,0.16718045657410055
212,35320,14727,0.3544130643045264,0.38398542341887676,0.09768625176281158,0.16391526051378516
213,66440,30150,0.2070715143638897,0.5181953923707294,0.11279986324956613,0.16193323001581458
214,47025,16496,0.24055869672652205,0.3988884521444987,0.1591136278270397,0.2014392233019395
215,67606,27810,0.19328104662523557,0.4572846349451311,0.1713691896936391,0.17806512873599428
216,48403,22562,0.14397010825072717,0.4151397816849626,0.20732235228804663,0.23356775777626348
217,96195,50571,0.25953647780864736,0.3803628112126767,0.1585122073780208,0.20158850360065508
218,162364,65552,0.16336962512395067,0.40733396757327206,0.20748242890792604,0.22181397839485126
219,35550,15539,0.28085389985905673,0.34669771461621035,0.15030024780703913,0.22214813771769382
220,30752,5885,0.15346589912109254,0.3611372070236153,0.2972509385841929,0.18814595527109923
221,27316,14902,0.12776639540160403,0.27087615226980016,0.36938958285556694,0.23196786947302878
222,27046,11071,0.16626717852731146,0.34357616208097685,0.2966275352711905,0.19352912412052117
223,27012,10948,0.3594711478443041,0.3642667404910463,0.08625500047774043,0.19000711118690916
224,27165,11301,0.27004876321592497,0.38711199726935863,0.13596971958718646,0.20686951992753003
225,53247,22162,0.24187823307837467,0.42130320252354475,0.1814165086605899,0.15540205573749058
226,147643,62445,0.2750495533953437,0.34669465122897414,0.19217880163164228,0.18607699374403988
227,76862,27902,0.17475883522607055,0.33034961132458956,0.3092737787532701,0.18561777469606977
228,92814,45945,0.22588502718602652,0.38751350354296726,0.19056463181961977,0.19603683745138636
229,25046,12327,0.10572407192181851,0.4131082294389186,0.2693188278220017,0.21184887081726128
230,9398,4962,0.07233214486053534,0.2713201122247134,0.3656794180014553,0.29066832491329586
231,28395,17962,0.06079037528572711,0.32151676881575686,0.3490073853528235,0.2686854705456926
232,47352,19664,0.39011719988166776,0.30015248681942297,0.11722102185591561,0.19250929144299356
233,39742,18156,0.12246795081366688,0.39614235959844873,0.2716603724279143,0.20972931715997015
234,28878,17842,0.0795211862035378,0.2542643567255948,0.38495837556010604,0.2812560815107612
235,158813,69225,0.39708992868808896,0.3442221492625352,0.103190394177075,0.15549752787230076
236,27997,11534,0.2757450892966354,0.4862535218262566,0.09171137368403648,0.1462900151930715
237,28817,17554,0.11382197564819364,0.2783789792417561,0.3343201791953875,0.27347886591466286
238,60125,26099,0.14634390002290332,0.413866295136717,0.2318460002385527,0.20794380460182701
239,264695,105801,0.3222594635266837,0.35096459280083064,0.1363138454269134,0.19046209824557225
240,107063,57106,0.15125328455073012,0.3807211364434898,0.260159207229596,0.20786637177618417
241,46601,29014,0.09088834757425164,0.3054840042728397,0.33314845229177636,0.2704791958611322
242,35026,20989,0.07533220335457218,0.3592143291343546,0.32755626598314647,0.2378972015279269
243,55844,27875,0.16005662321247333,0.3518069363548012,0.2549359020680414,0.233200538364684
244,110881,43087,0.2709137431990332,0.36220563439122033,0.17060793148439396,0.19627269092535263
245,22869,14393,0.05639096533613013,0.27465397265808456,0.3859104545106742,0.28304460749511107
246,35608,20153,0.09752745122808767,0.3174741779812226,0.3239677020775265,0.2610306687131632
247,50546,9192,0.05638087991070474,0.21589689295516692,0.48471788972596996,0.24300433740815844
248,35011,11405,0.05325355288754728,0.2310368543950691,0.4621050957460142,0.25360449697136944
249,34992,16820,0.03904531163581103,0.3828308060849372,0.3759109696712745,0.20221291260797727
250,25796,5147,0.05644580770228644,0.2550697068785,0.4652815384423726,0.2232029469768409
251,18098,6575,0.06837172483524619,0.299955360028867,0.38637669628721355,0.24529621884867323
252,46864,12468,0.10515483704594474,0.37979207803480447,0.32854125976627946,0.1865118251529713
253,66689,25485,0.2639423954644887,0.4218405126282199,0.12252893454621384,0.19168815736107755
254,12452,6133,0.03425866699447654,0.20918069060928882,0.4990295924809304,0.2575310499153042
255,30395,17349,0.10090797121246196,0.21260062306827174,0.45010109578787505,0.23639030993139132
256,95707,45237,0.12681724946188144,0.31981379567908474,0.3338093979356592,0.2195595569233745
257,21884,7338,0.27593308598103516,0.38324537498185723,0.15752256115996036,0.18329897787714716
258,16852,7579,0.22300751889071171,0.44060142815920444,0.1415038072265529,0.19488724572353092
259,25687,15708,0.06268923847145373,0.22844770663042852,0.440268265939565,0.2685947889585527
260,65137,12511,0.04089058360405283,0.19584082010333587,0.513452235374553,0.24981636091805823
261,35779,16532,0.12346065030184523,0.33559490290532307,0.3197898086868153,0.2211546381060165
262,104496,44173,0.18491257293583566,0.3289650081877615,0.2840949960215454,0.20202742285485745
263,61246,34598,0.10977565334001946,0.2753580636144132,0.3781962528967448,0.2366700301488225
264,247750,71277,0.3157017565151366,0.37749030069943856,0.11736747083035347,0.18944047195507138
265,37839,19004,0.10778931885119823,0.3962228547481694,0.29149404972323684,0.2044937766773955
266,72893,44678,0.06263834730942053,0.3337330928507425,0.37920837050153,0.22442018933830696
267,19531,8004,0.2671103655465454,0.3853578004692689,0.14098718450948572,0.20654464947470003
268,190038,83671,0.19207262251225726,0.35247494289849973,0.25541345366142204,0.20003898092782096
269,57899,32129,0.041622949365423614,0.29356160313167595,0.41348446730044314,0.2513309802024573
270,21906,8448,0.2810705953845786,0.3967390861865562,0.1296143769677658,0.19257594146109944
271,41009,24730,0.06933919677603867,0.30482301361824216,0.38659571049140495,0.2392420791143141
272,38633,21877,0.058261087612908304,0.42449292956972706,0.316713359326642,0.20053262349072262
273,27968,13410,0.059405023475007444,0.2821974945963759,0.38023950101294485,0.27815798091567173
274,52949,18894,0.22784600263415228,0.346495162460269,0.25287829229548037,0.1727805426100983
275,19365,11468,0.03609719106584612,0.26697640147302154,0.43697881282884254,0.2599475946322897
276,42670,19153,0.11974232230562094,0.3158902133058646,0.3438885648223295,0.22047889956618508
277,136477,56317,0.18103462725456929,0.32073910999949257,0.2872200680977339,0.2110061946482042
278,75213,45496,0.05550478000794473,0.2176793385434173,0.46904221769609206,0.25777366375254596
279,19119,9084,0.25386902524840665,0.41652954949773485,0.12896498927375558,0.20063643598010292
280,34720,17038,0.12187214831180058,0.3664971097867516,0.2989950858082873,0.2126356560931605
281,52350,19640,0.1982263175363254,0.46316669811334515,0.19257152753746914,0.14603545681286023
282,336683,131093,0.3575242605873089,0.37554602705785645,0.09985433901032535,0.16707537334450945
283,52286,27853,0.058053875790835915,0.2361789608290903,0.4453352129897899,0.2604319503902839
284,24141,13851,0.09556706006078951,0.289801436839169,0.3860211655261012,0.22861033757394023
285,22425,10150,0.08931310558148811,0.43264814278503994,0.27879220433218127,0.1992465473012907
286,35356,15217,0.16549840991505788,0.3866389489399269,0.2583938947607838,0.18946874638423153
287,18236,4153,0.19454059315112937,0.2185102020268208,0.3755687281680995,0.21138047665395043
288,18208,10220,0.1590265228980189,0.28749210806127196,0.3381380366586334,0.21534333238207568
289,21901,10033,0.167129583279906,0.4799810278067829,0.1980217801816046,0.15486760873170652
290,16432,8798,0.2287457380620184,0.4214236545434036,0.1469830145610738,0.2028475928335043
291,24308,12857,0.10778024531914655,0.3759752658551422,0.3439136466332149,0.1723308421924964
292,32659,15283,0.22454546333315853,0.4000936183400554,0.16602946048477074,0.2093314578420152
293,20516,5482,0.15510462085862597,0.43915229763145613,0.2318630101834839,0.17388007132643413
294,45084,15513,0.31160198851448484,0.3672012846745466,0.13014170880638595,0.19105501800458258
295,25081,9662,0.10860540096864307,0.4286390840217931,0.26399624788829357,0.19875926712127012
296,19520,9436,0.18642334227539048,0.31290798277098814,0.3167623645486456,0.1839063104049759
297,37761,21353,0.11765601648994173,0.3556803154022235,0.3359309571353479,0.1907327109724869
298,32683,15250,0.1664904090711731,0.32610617295808814,0.3173365272059071,0.19006689076483163
299,37628,17102,0.17475194778880726,0.3546147398350691,0.2751821069075126,0.19545120546861114
300,20101,10064,0.212615338069473,0.4296410235676592,0.18697435902095144,0.17076927934191627
301,26759,11370,0.1701962767538238,0.38726758199583206,0.25807081661266823,0.18446532463767587
302,153114,64507,0.25610752531540354,0.4110789074636655,0.15463725580659704,0.17817631141433396
303,35460,16348,0.15077179170225868,0.4008046224858175,0.25663560751000164,0.19178797830192218
304,52534,24524,0.15181752094822104,0.42814522907528235,0.2274097538776161,0.19262749609888044
305,35206,15679,0.1474559834970388,0.3582222744819967,0.3049718121357479,0.1893499298852165
306,59068,29772,0.15105921039616868,0.4773659475479767,0.19118142940125996,0.1803934126545946
307,55391,12434,0.17676580598961958,0.3769347342361983,0.28019183781474705,0.16610762195943515
308,19598,2415,0.25124355146494676,0.5205685525097035,0.09672328219593769,0.13146461382941213
309,31313,6478,0.0785419851780934,0.2842507717994189,0.43413386380126734,0.2030733792212203
310,49660,10808,0.4138045993257951,0.45059461599710093,0.06939348277758889,0.06620730189951503
311,76402,14552,0.09080739122988922,0.37599336834713226,0.3444321290679735,0.18876711135500507
312,35627,8930,0.43481269675976036,0.4076002628737243,0.07940472558128484,0.0781823147852305
313,49460,10958,0.21063897070742957,0.33044064313971655,0.29637666975929255,0.16254371639356135
314,34624,7932,0.06993180130095208,0.37331583562726467,0.36420626611097107,0.1925460969608121
315,83433,26490,0.2535106172073695,0.35454071147725685,0.18813311464907798,0.20381555666629578
316,162921,43075,0.30121929298913347,0.43723740695266966,0.15112406697021735,0.11041923308797948
317,64919,12889,0.09566655448698796,0.49777563669600206,0.24749759826398132,0.15906021055302869
318,45180,16479,0.07979220257733702,0.3212361465887721,0.40227975275441497,0.19669189807947596
319,23189,5955,0.04195224684366743,0.29723912286083326,0.43185818707043655,0.2289504432250627
320,132654,47217,0.21916684237418665,0.5124034572457885,0.11774192200572285,0.15068777837430194
321,25287,4303,0.10314964526225434,0.23414923855655867,0.4547609415263689,0.20794017465481807
322,23646,12751,0.06952632531981295,0.31398655773675743,0.37441560239873034,0.24207151454469927
323,40882,9171,0.14487556852005537,0.30860152464426716,0.35232862620663374,0.1941942806290438
324,140178,68101,0.13173556997497662,0.4670884858578097,0.2227351170589737,0.17844082710823994
325,101544,42460,0.15442111216586824,0.36449836621012494,0.28974150698340895,0.19133901464059774
326,124066,29861,0.09287057177427616,0.36937297579430456,0.3351173250886643,0.202639127342755
327,34591,16813,0.11330494140291202,0.3466253300543018,0.3295048815701953,0.21056484697259084
328,19345,8071,0.09259992707600025,0.4077561818702437,0.3058171906132089,0.19382670044054726
329,117944,48921,0.1535093861815862,0.40046541022767085,0.2531697774274825,0.1928554261632605
330,213237,70587,0.3675542913102391,0.4459416351749999,0.09029664786458623,0.09620742565017476
331,29110,5634,0.12734277586962436,0.2682768373003861,0.3997749921045068,0.20460539472548273
332,503887,123158,0.4114783077912534,0.3997452639100008,0.08747144339479626,0.10130498490394964
333,254728,70292,0.41318309036470524,0.43234067723889147,0.07376640020883407,0.08070983218756927
334,124691,43867,0.28679083374009534,0.41929494950109186,0.15886381374284111,0.13505040301597165
335,192538,68651,0.19738661009182462,0.5037928309405936,0.14647064539599355,0.1523499135715884
336,30557,6042,0.11594144008557894,0.3441510201476652,0.3600968107314645,0.17981072903529138
337,38461,4893,0.2115348265228971,0.3129056539222042,0.3115232428248419,0.16403627673005672
338,273428,92055,0.3594824688971799,0.39117756767958645,0.11695415680975113,0.1323858066134825
339,65811,32967,0.23227857892553885,0.3303383091477545,0.28723381082125166,0.15014930110545502
340,22593,8896,0.3049222572627783,0.3648106450295347,0.14101188198838538,0.18925521571930173
341,127101,32678,0.15644763476238785,0.38791516746599747,0.27203896890122636,0.1835982288703883
342,18257,11251,0.12437375567789122,0.26250747882718234,0.43777970383844356,0.17533906165648286
343,32838,16589,0.16117722368933635,0.28409430770592725,0.34598575170077567,0.20874271690396068
344,61183,36011,0.12161273662320149,0.2700598932359095,0.3982052005516911,0.21012216958919785
345,119116,41647,0.13920060259801076,0.2690134482077969,0.3702387572362264,0.22154719195796602
346,29179,15773,0.14318135823686443,0.29529645965370355,0.3703399902117325,0.19118219189769953
347,26779,13862,0.1163377408251407,0.272094099636917,0.399485234675667,0.21208292486227534
348,15637,5282,0.08511464435075673,0.18795178506735888,0.48317136137107447,0.24376220921080993
349,87826,40877,0.20180527278175572,0.32499347417258695,0.3027737641558379,0.1704274888898195
350,127535,55134,0.35200725102911745,0.34534152019364583,0.12046883717748562,0.1821823915997512
351,61157,32748,0.1100960417325073,0.2682600429058653,0.4017199793697797,0.21992393599184779
352,30213,17024,0.08710835387422806,0.2538503024258719,0.42580801933200335,0.23323332436789662
353,26346,18656,0.08090755384764098,0.33995123144522477,0.40792163622889294,0.17121957847824135
354,159699,92731,0.13439204854413583,0.2708983532759987,0.38962718082041325,0.20508241735945223
355,602938,232944,0.28980667806916943,0.33580217423371256,0.17477410641689367,0.19961704128022445
356,28513,13387,0.19163397809454347,0.17753946089859274,0.4060706581572225,0.22475590284964136
357,32293,16205,0.14739277571824022,0.26289692863409686,0.35638476152853105,0.23332553411913176
358,23930,13431,0.12135366520903758,0.19007002557566452,0.42919230948674775,0.25938399972855014
359,76073,25814,0.16169699573593269,0.182968896239326,0.42017531047979484,0.23515879754494645
360,150477,56464,0.3120909048481259,0.3148552316320163,0.16347102249060674,0.20958284102925095
361,42628,7527,0.16611942285115985,0.4443886211347722,0.2134441187214029,0.17604783729266502
362,117736,32563,0.17116885589507314,0.31159522423150504,0.2964378631731405,0.22079805670028127
363,70314,18277,0.2910467234991023,0.3280278634522761,0.16293086005539076,0.21799455299323087
364,54447,23335,0.1616633799473574,0.3319733513349232,0.293631282570845,0.2127319861468745
365,68928,14128,0.24888205877096967,0.459200206066969,0.1468634354919174,0.1450542996701439
366,553806,146845,0.3720229559624247,0.3576710252573823,0.1002954523787965,0.17001056640139642
367,168600,41021,0.2377014816202378,0.3003087127544176,0.26029799966194145,0.2016918059634032
368,126571,25052,0.24617169394439772,0.5041832706986928,0.1215696505005069,0.12807538485640252
369,117056,27717,0.33519571731268233,0.38460623201299116,0.10891847741923028,0.17127957325509624
370,77135,14467,0.25014505342671167,0.38415592315653835,0.19425887843152942,0.1714401449852207
371,92858,25366,0.1006383033446248,0.38521065436845403,0.29173821544364276,0.22241282684327837
372,31622,8362,0.1434174732504221,0.34613927951318585,0.2942066245046972,0.21623662273169497
373,13679,3376,0.13461196911402715,0.22278453483946692,0.4056117548353946,0.23699174121111136
374,31900,8658,0.12183828581104619,0.18918159276687674,0.4484050005446629,0.2405751208774142
375,105587,25716,0.17025101956937524,0.2092165423472306,0.3721061503360628,0.24842628774733141
376,56088,19073,0.24075922979137213,0.2688601716535536,0.3173151000366072,0.173065498518467
377,26588,9325,0.08096883030018245,0.12289595001333485,0.4994097738154201,0.2967254458710625
378,93859,29570,0.2808267362839127,0.2910700817697709,0.21238165457628821,0.21572152737002823
379,71151,26731,0.1332407167367342,0.2812005516152217,0.34716939817554004,0.23838933347250404
380,71019,21382,0.17244287042237705,0.31765205562754883,0.30120990517564084,0.20869516877443334
381,28335,9066,0.07691960002315801,0.191831462251849,0.4457508944998533,0.28549804322513966
382,24290,11822,0.05542718095054736,0.15165814233544278,0.5193641096762411,0.2735505670377688
383,22552,10833,0.05774067412430637,0.14277308504531733,0.4683470652443678,0.3311391755860086
384,33176,14555,0.060035643605500864,0.1503285799781076,0.4994181653103117,0.29021761110607985
385,61012,20549,0.059637519535437895,0.14341935083872778,0.5274025601778856,0.2695405694479488
386,16384,2719,0.20307770293825564,0.1949741593221269,0.4287468145394564,0.17320132320016116
387,23115,5664,0.04302062317206948,0.1397711695563578,0.5526773670072924,0.26453084026428036
388,24526,8580,0.07951101398085864,0.18169133965093354,0.5059440607113637,0.23285358565684416
389,21335,9876,0.1461085185952043,0.1655515716384514,0.4666324394129154,0.22170747035342886
390,111442,33374,0.18423502641460654,0.2586620099367734,0.3533027416543913,0.20380022199422873
391,371393,116679,0.36262881731213314,0.37470470582392484,0.1059441804705213,0.15672229639342067
392,453019,119781,0.38142720466257485,0.4336273434782441,0.08138674888653344,0.10355870297264766
393,507831,160062,0.3456965647348984,0.4299367376937186,0.10543425002821297,0.11893244754316999
394,486041,194112,0.3581455041015968,0.3959276224769769,0.08514617971316409,0.1607806937082622
395,163467,52388,0.28290629408712525,0.4796282824888858,0.09404451143531102,0.14342091198867782
396,213453,64349,0.2621289145808344,0.418480744458118,0.14616187091038013,0.17322847005066738
397,240603,79236,0.20609360807085556,0.4104822013364314,0.2288952987076521,0.15452889188506094
398,92355,31253,0.3539108682287677,0.43005738762390955,0.0980614955345259,0.11797024861279687
399,103347,32654,0.24025705759259,0.4024930851263492,0.19008631300618015,0.1671635442748807
400,122458,34020,0.40625771951867523,0.41599629403865074,0.08279458868034957,0.09495139776232442
401,53524,17823,0.18958063377445783,0.3313017449237351,0.2878826974576501,0.191234923844157
402,18607,7595,0.105705542443786,0.37987041336809885,0.30180209463971175,0.21262194954840347
403,17828,6041,0.045984339949559146,0.24689640189472048,0.42728659732861174,0.2798326608271086
404,28416,6381,0.07606797898556707,0.38530083098697926,0.32030312757432955,0.21832806245312414
405,18585,7111,0.09498171999210896,0.4120245508314824,0.27528125547989246,0.21771247369651625
406,20696,5176,0.10110193124047887,0.3324501672163969,0.34112123302560143,0.22532666851752275
407,18922,7451,0.07581253429687106,0.3194673679355073,0.3660755896410857,0.2386445081265359
408,28903,8925,0.04539855228078955,0.25761772652021,0.42713142491017375,0.26985229628882673
409,32821,9985,0.0825118860806377,0.3146211069855561,0.38061558198741663,0.2222514249463896
410,13141,3809,0.051165205322816806,0.3641757684504937,0.3564364637730518,0.2282225624536375
411,22880,6782,0.1111628630133093,0.3328478388193879,0.3330225990117356,0.22296669915556722
412,24326,9822,0.11035230913113935,0.40101700674146373,0.2685070781985245,0.22012360592887237
413,17454,5629,0.10621602461481247,0.24925994518696656,0.40483239605508864,0.23969163414313233
414,17851,6153,0.24185360204811798,0.4348855791002662,0.1519900953803278,0.17127072347128794
415,22510,9255,0.052981584721517795,0.2790876959760651,0.40934317226186845,0.25858754704054865
416,23727,5972,0.06137860772804425,0.3299550682323823,0.37385599603048475,0.2348103280090886
417,30020,12072,0.10657743761351844,0.4136826616523735,0.2656897452789305,0.21405015545517753
418,27217,7383,0.0627806798530845,0.35578775696334425,0.3238016515415651,0.25762991164200616
419,580782,197232,0.30324135806567837,0.3727984932877176,0.12072338952572632,0.20323675912087769
420,23638,10193,0.06502097194001133,0.2028878768653095,0.40607846619029503,0.32601268500438413
421,32642,12529,0.06410410530426414,0.35691541941829896,0.3647761265483078,0.214204348729129
422,13404,4349,0.2320598728206752,0.4193258650563919,0.1531085485754514,0.19550571354748147
423,15372,5059,0.031134517454928737,0.2846921735375915,0.41174625482037114,0.2724270541871087
